a=[1 2 3 1; 1 3 2 1]
c=(a>1)