X=[ 1 2 3; 4 5 6]
X=[ones(2,1) X]